{
"ref":[[[0.197,0.443,0.093,0.266],[0.01,0.018,0.002,0.969],[0,0.999,0,0],[0.386,0.089,0.012,0.511],[0.381,0.132,0.231,0.254]],[[0.348,0.145,0.179,0.326],[0.36,0.19,0.166,0.281],[0,0.703,0,0.296],[0.306,0.172,0.224,0.296],[0.312,0.18,0.158,0.348]],[[0.166,0.383,0.081,0.369],[0.01,0.036,0.015,0.937],[0,1,0,0],[0.541,0.116,0.073,0.268],[0.188,0.213,0.327,0.27]]],
"alt":[[[0,0,0,0],[0.025,0,0.974,0],[0,0,0,0],[0,0,0,0]],[[0,0,0,0],[0.204,0,0.089,0.409],[0,0,0,0],[0.108,0.168,0.019,0]],[[0,0,0,0],[0.085,0,0,0.914],[0,0,0,0],[0,0,0,0]]],
"strand":[[0.513,0.486],[0.46,0.539],[0.518,0.481]]
}
