{
"ref":[[[0.4,0.128,0.138,0.332],[0.332,0.197,0.131,0.339],[0,0.657,0,0.342],[0.349,0.254,0.04,0.355],[0.385,0.136,0.089,0.389]],[[0.2,0.314,0.122,0.362],[0.007,0.017,0.003,0.971],[0,0.998,0,0.001],[0,0.064,0,0.935],[0.117,0.209,0.23,0.442]],[[0.231,0.212,0.261,0.295],[0.381,0.219,0.255,0.142],[0,0.817,0,0.182],[0.2,0.031,0.628,0.139],[0.198,0.255,0.299,0.246]],[[0.185,0.514,0.078,0.22],[0.011,0.017,0.001,0.969],[0,0.999,0,0],[0.596,0.096,0.021,0.284],[0.519,0.091,0.244,0.145]],[[0.166,0.389,0.077,0.366],[0.009,0.033,0.011,0.945],[0,1,0,0],[0.588,0.124,0.069,0.218],[0.199,0.213,0.326,0.26]]],
"alt":[[[0,0,0,0],[0.301,0,0.164,0.192],[0,0,0,0],[0.157,0.152,0.032,0]],[[0,0,0,0],[0.038,0,0.757,0.202],[0,0,0,0],[0,0,0.001,0]],[[0,0,0,0],[0,0,0.003,0.814],[0,0,0,0],[0,0.182,0,0]],[[0,0,0,0],[0.002,0,0.997,0],[0,0,0,0],[0,0,0,0]],[[0,0,0,0],[0.095,0,0,0.904],[0,0,0,0],[0,0,0,0]]],
"strand":[[0.445,0.554],[0.559,0.44],[0.495,0.504],[0.493,0.506],[0.512,0.487]]
}
